0	0	0
1	15	15
2	0	0
3	1	1
4	4	4
5	0	0
6	0	0
7	1	1
8	1	1
9	0	0
10	15	15
11	2	2
12	1	1
13	0	0
14	7	7
15	4	4
16	1	1
17	1	1
18	0	0
19	5	5
20	0	0
21	0	0
22	13	13
23	0	0
24	0	0
25	2	2
26	24	24
27	0	0
28	0	0
29	3	3
30	0	0
31	4	4
32	6	6
33	0	0
34	0	0
35	1	1
36	0	0
37	6	6
38	0	0
39	0	0
40	16	16
41	0	0
42	0	0
43	0	0
44	0	0
45	3	3
46	0	0
47	2	2
48	1	1
49	0	0
50	4	4
51	4	4
52	1	1
53	0	0
54	0	0
55	1	1
56	2	2
57	1	1
58	0	0
59	1	1
60	0	0
61	2	2
62	2	2
63	0	0
64	2	2
65	1	1
66	0	0
67	2	2
68	0	0
69	0	0
70	0	0
71	1	1
72	0	0
73	6	6
74	3	3
75	0	0
76	1	1
77	0	0
78	3	3
79	0	0
80	1	1
81	0	0
82	10	10
83	18	18
84	0	0
85	17	17
86	5	5
87	0	0
88	0	0
89	0	0
90	0	0
91	3	3
92	6	6
93	0	0
94	7	7
95	0	0
96	6	6
97	1	1
98	0	0
99	7	7
100	5	5
101	6	6
102	7	7
103	0	0
104	0	0
105	1	1
106	2	2
107	13	13
108	0	0
109	8	8
110	0	0
111	0	0
112	0	0
113	2	2
114	9	9
115	3	3
116	0	0
117	0	0
118	0	0
119	5	5
120	1	1
121	0	0
122	5	5
123	0	0
124	0	0
125	0	0
126	5	5
127	2	2
128	2	2
129	1	1
130	0	0
131	0	0
132	0	0
133	1	1
134	0	0
135	5	5
136	0	0
137	3	3
138	0	0
139	0	0
140	1	1
141	1	1
142	0	0
143	1	1
144	0	0
145	0	0
146	0	0
147	1	1
148	11	11
149	1	1
150	3	3
151	4	4
152	6	6
153	0	0
154	4	4
155	1	1
156	1	1
157	0	0
158	0	0
159	1	1
160	1	1
161	0	0
162	0	0
163	0	0
164	5	5
165	3	3
166	1	1
167	3	3
168	0	0
169	0	0
170	2	2
171	0	0
172	2	2
173	0	0
174	3	3
175	13	13
176	0	0
177	0	0
178	0	0
179	2	2
180	0	0
181	1	1
182	0	0
183	0	0
184	1	1
185	1	1
186	2	2
187	2	2
188	1	1
189	0	0
190	0	0
191	11	11
192	1	1
193	7	7
194	1	1
195	0	0
196	1	1
197	2	2
198	5	5
199	0	0
200	12	12
201	11	11
202	2	2
203	0	0
204	8	8
205	0	0
206	47	46
207	0	0
208	1	1
209	0	0
210	0	0
211	7	7
212	16	16
213	7	7
214	0	0
215	1	1
216	0	0
217	0	0
218	0	0
219	2	2
220	0	0
221	0	0
222	1	1
223	3	3
224	2	2
225	10	10
226	1	1
227	0	0
228	5	5
229	3	3
230	3	3
231	0	0
232	0	0
233	4	4
234	0	0
235	1	1
236	18	18
237	0	0
238	0	0
239	5	5
240	0	0
241	33	33
242	11	11
243	0	0
244	2	2
245	4	4
246	19	19
247	0	0
248	9	9
249	3	3
250	1	1
251	1	1
252	1	1
253	7	7
254	1	1
255	1	1
256	41	39
257	0	0
258	0	0
259	1	1
260	1	1
261	1	1
262	2	2
263	0	0
264	1	1
265	6	6
266	2	2
267	2	2
268	1	1
269	1	1
270	0	0
271	0	0
272	0	0
273	1	1
274	9	9
275	0	0
276	1	1
277	1	1
278	0	0
279	4	3
280	0	0
281	2	2
282	0	0
283	0	0
284	0	0
285	1	1
286	0	0
287	0	0
288	3	3
289	0	0
290	0	0
291	2	2
292	12	10
293	2	2
294	5	5
295	3	3
296	1	1
297	1	1
298	0	0
299	0	0
300	0	0
301	0	0
302	1	1
303	3	3
304	1	1
305	0	0
306	8	8
307	57	57
308	0	0
309	1	1
310	0	0
311	4	4
312	1	1
313	0	0
314	1	1
315	0	0
316	0	0
317	0	0
318	10	10
319	0	0
320	5	5
321	32	32
322	0	0
323	1	1
324	2	2
325	0	0
326	0	0
327	0	0
328	0	0
329	0	0
330	1	1
331	0	0
332	1	1
333	0	0
334	0	0
335	3	3
336	13	12
337	15	15
338	0	0
339	2	1
340	1	1
341	1	1
342	0	0
343	5	5
344	1	1
345	2	2
346	0	0
347	0	0
348	0	0
349	2	2
350	0	0
351	2	2
352	0	0
353	18	18
354	2	2
355	0	0
356	0	0
357	0	0
358	1	1
359	2	2
360	0	0
361	5	4
362	0	0
363	1	1
364	0	0
365	5	5
366	0	0
367	0	0
368	0	0
369	1	1
370	0	0
371	0	0
372	0	0
373	0	0
374	4	4
375	0	0
376	0	0
377	0	0
378	0	0
379	0	0
380	0	0
381	0	0
382	3	3
383	0	0
384	0	0
385	0	0
386	1	1
387	0	0
388	2	2
389	1	1
390	0	0
391	1	1
392	0	0
393	0	0
394	2	2
395	1	1
396	2	2
397	0	0
398	3	3
399	0	0
400	0	0
401	1	1
402	1	1
403	0	0
404	0	0
405	1	1
406	4	4
407	0	0
408	3	3
409	0	0
410	3	3
411	15	15
412	7	7
413	7	6
414	0	0
415	2	2
416	10	10
417	7	7
418	2	2
419	0	0
420	0	0
421	0	0
422	4	4
423	16	16
424	0	0
425	2	2
426	2	2
427	5	5
428	0	0
429	4	4
430	0	0
431	14	14
432	0	0
433	5	5
434	0	0
435	9	9
436	0	0
437	10	10
438	7	7
439	1	1
440	0	0
441	6	6
442	4	4
443	0	0
444	0	0
445	2	2
446	0	0
447	3	3
448	0	0
449	0	0
450	1	1
451	0	0
452	0	0
453	0	0
454	0	0
455	12	12
456	2	2
457	0	0
458	4	4
459	0	0
460	0	0
461	0	0
462	1	1
463	1	1
464	2	2
465	22	22
466	0	0
467	2	2
468	2	2
469	0	0
470	0	0
471	0	0
472	1	1
473	1	1
474	4	4
475	0	0
476	1	1
477	0	0
478	17	17
479	0	0
480	3	3
481	0	0
482	2	2
483	0	0
484	2	2
485	5	5
486	0	0
487	0	0
488	0	0
489	0	0
490	3	3
491	2	2
492	8	8
493	0	0
494	13	13
495	2	2
496	0	0
497	0	0
498	3	3
499	0	0
500	0	0
501	0	0
502	8	8
503	0	0
504	2	2
505	1	1
506	1	1
507	1	1
508	1	1
509	1	1
510	6	6
511	0	0
512	0	0
513	4	4
514	0	0
515	0	0
516	0	0
517	1	1
518	0	0
519	0	0
520	3	3
521	0	0
522	0	0
523	0	0
524	0	0
525	5	5
526	3	3
527	0	0
528	1	1
529	24	24
530	0	0
531	0	0
532	0	0
533	1	1
534	2	2
535	0	0
536	0	0
537	10	10
538	35	34
539	1	1
540	1	1
541	0	0
542	0	0
543	15	15
544	0	0
545	12	12
546	0	0
547	3	3
548	1	1
549	0	0
550	0	0
551	2	2
552	0	0
553	0	0
554	11	11
555	0	0
556	7	7
557	2	2
558	0	0
559	12	12
560	2	2
561	1	1
562	1	1
563	5	5
564	2	2
565	0	0
566	19	19
567	0	0
568	1	1
569	1	1
570	0	0
571	1	1
572	13	13
573	2	2
574	0	0
575	0	0
576	0	0
577	0	0
578	9	9
579	1	1
580	0	0
581	1	1
582	0	0
583	11	11
584	0	0
585	6	6
586	0	0
587	0	0
588	2	2
589	9	9
590	1	1
591	19	19
592	1	1
593	0	0
594	0	0
595	0	0
596	4	4
597	0	0
598	1	1
599	0	0
600	0	0
601	0	0
602	0	0
603	1	1
604	6	6
605	0	0
606	0	0
607	0	0
608	3	3
609	0	0
610	1	1
611	8	8
612	0	0
613	0	0
614	2	2
615	0	0
616	5	5
617	0	0
618	0	0
619	0	0
620	0	0
621	0	0
622	14	14
623	0	0
624	0	0
625	0	0
626	0	0
627	0	0
628	6	6
629	4	4
630	11	11
631	0	0
632	2	2
633	5	5
634	1	1
635	2	2
636	0	0
637	0	0
638	0	0
639	1	1
640	2	2
641	2	2
642	0	0
643	0	0
644	1	1
645	0	0
646	0	0
647	8	8
648	0	0
649	2	2
650	0	0
651	3	3
652	0	0
653	0	0
654	0	0
655	5	5
656	0	0
657	5	5
658	1	1
659	0	0
660	0	0
661	0	0
662	0	0
663	21	21
664	3	3
665	1	1
666	1	1
667	23	22
668	3	3
669	0	0
670	1	1
671	20	20
672	0	0
673	41	41
674	6	6
675	8	8
676	42	42
677	1	1
678	2	2
679	1	1
680	19	19
681	1	1
682	0	0
683	6	6
684	0	0
685	0	0
686	1	1
687	0	0
688	2	2
689	0	0
690	0	0
691	0	0
692	2	2
693	0	0
694	0	0
695	7	7
696	0	0
697	14	14
698	0	0
699	17	17
700	4	4
701	1	1
702	0	0
703	13	13
704	0	0
705	1	1
706	0	0
707	2	2
708	0	0
709	1	1
710	0	0
711	0	0
712	0	0
713	0	0
714	15	14
715	4	4
716	0	0
717	1	1
718	1	1
719	12	12
720	8	8
721	0	0
722	0	0
723	7	7
724	1	1
725	0	0
726	0	0
727	0	0
728	1	1
729	0	0
730	0	0
731	0	0
732	0	0
733	1	1
734	0	0
735	0	0
736	4	4
737	0	0
738	0	0
739	0	0
740	1	1
741	2	2
742	1	1
743	7	7
744	0	0
745	11	11
746	8	8
747	1	1
748	2	2
749	2	2
750	1	1
751	0	0
752	1	1
753	3	3
754	0	0
755	0	0
756	5	5
757	62	62
758	1	1
759	0	0
760	3	3
761	1	1
762	9	9
763	3	3
764	0	0
765	1	1
766	0	0
767	1	1
768	0	0
769	0	0
770	0	0
771	0	0
772	3	3
773	0	0
774	0	0
775	1	1
776	7	7
777	11	11
778	8	8
779	1	1
780	2	2
781	11	11
782	7	7
783	1	1
784	0	0
785	1	1
786	0	0
787	0	0
788	2	1
789	4	4
790	1	1
791	10	10
792	5	3
793	0	0
794	1	1
795	0	0
796	0	0
797	0	0
798	12	12
799	12	12
800	1	1
801	1	1
802	3	3
803	1	1
804	0	0
805	1	1
806	6	6
807	0	0
808	8	8
809	3	3
810	0	0
811	1	1
812	1	1
813	0	0
814	0	0
815	0	0
816	1	1
817	0	0
818	0	0
819	0	0
820	2	2
821	1	1
822	0	0
823	0	0
824	32	32
825	3	3
826	0	0
827	13	13
828	0	0
829	1	1
830	0	0
831	1	1
832	1	1
833	4	4
834	1	1
835	1	1
836	0	0
837	1	1
838	0	0
839	0	0
840	16	15
841	0	0
842	54	54
843	0	0
844	0	0
845	3	3
846	5	5
847	0	0
848	2	2
849	0	0
850	0	0
851	11	11
852	2	2
853	1	1
854	6	6
855	0	0
856	0	0
857	0	0
858	3	3
859	6	6
860	7	7
861	0	0
862	6	6
863	15	15
864	2	2
865	2	2
866	0	0
867	4	4
868	4	4
869	5	5
870	6	6
871	0	0
872	0	0
873	3	3
874	0	0
875	0	0
876	4	4
877	1	1
878	0	0
879	1	1
880	0	0
881	0	0
882	1	1
883	0	0
884	0	0
885	0	0
886	0	0
887	19	19
888	1	1
889	0	0
890	0	0
891	0	0
892	1	1
893	33	33
894	1	1
895	1	1
896	0	0
897	1	1
898	1	1
899	0	0
900	0	0
901	4	4
902	6	6
903	0	0
904	2	2
905	0	0
906	0	0
907	7	7
908	5	3
909	5	5
910	2	2
911	16	15
912	2	2
913	1	1
914	0	0
915	3	3
916	14	13
917	12	12
918	1	1
919	0	0
920	1	1
921	1	1
922	1	1
923	2	2
924	2	2
925	0	0
926	9	9
927	1	1
928	0	0
929	0	0
930	1	1
931	0	0
932	0	0
933	0	0
934	5	4
935	0	0
936	1	1
937	0	0
938	0	0
939	1	1
940	0	0
941	1	1
942	0	0
943	4	4
944	0	0
945	0	0
946	4	4
947	0	0
948	4	4
949	3	3
950	3	3
951	3	3
952	13	13
953	4	4
954	0	0
955	1	1
956	0	0
957	2	2
958	0	0
959	0	0
960	1	1
961	1	1
962	0	0
963	41	41
964	3	3
965	12	12
966	2	2
967	0	0
968	10	9
969	8	8
970	6	6
971	0	0
972	0	0
973	25	25
974	0	0
975	0	0
976	0	0
977	1	1
978	8	8
979	4	4
980	10	10
981	0	0
982	0	0
983	6	6
984	1	1
985	4	4
986	2	2
987	0	0
988	2	2
989	15	15
990	0	0
991	4	4
992	3	2
993	1	1
994	2	2
995	1	1
996	8	8
997	7	7
998	6	6
999	1	1
1000	0	0
1001	1	1
1002	0	0
1003	0	0
1004	0	0
1005	1	1
1006	0	0
1007	4	4
1008	0	0
1009	0	0
1010	0	0
1011	0	0
1012	2	2
1013	0	0
1014	1	1
1015	2	2
1016	0	0
1017	0	0
1018	0	0
1019	0	0
1020	0	0
1021	2	2
1022	0	0
1023	1	1
1024	2	2
1025	2	2
1026	4	4
1027	24	24
1028	1	1
1029	0	0
1030	10	10
1031	0	0
1032	8	8
1033	0	0
1034	21	21
1035	0	0
1036	1	1
1037	2	2
1038	0	0
1039	1	1
1040	3	3
1041	1	1
1042	0	0
1043	5	5
1044	0	0
1045	1	1
1046	1	1
1047	0	0
1048	1	1
1049	0	0
1050	0	0
1051	23	23
1052	2	2
1053	0	0
1054	0	0
1055	0	0
1056	2	2
1057	7	7
1058	12	12
1059	1	1
1060	1	1
1061	0	0
1062	1	1
1063	10	9
1064	1	1
1065	8	8
1066	12	12
1067	0	0
1068	0	0
1069	0	0
1070	0	0
1071	3	3
1072	1	1
1073	2	2
1074	4	4
1075	3	3
1076	4	4
1077	0	0
1078	5	5
1079	14	14
1080	1	1
1081	1	1
1082	0	0
1083	0	0
1084	0	0
1085	3	3
1086	1	1
1087	0	0
1088	25	25
1089	1	1
1090	3	3
1091	6	6
1092	18	17
1093	0	0
1094	20	20
1095	0	0
1096	0	0
1097	0	0
1098	0	0
1099	2	2
1100	1	1
1101	3	3
1102	0	0
1103	1	1
1104	0	0
1105	1	1
1106	0	0
1107	0	0
1108	0	0
1109	0	0
1110	6	6
1111	8	7
1112	0	0
1113	4	4
1114	3	3
1115	1	1
1116	0	0
1117	2	2
1118	0	0
1119	6	6
1120	0	0
1121	0	0
1122	3	3
1123	0	0
1124	0	0
1125	0	0
1126	2	2
1127	2	2
1128	0	0
1129	0	0
1130	0	0
1131	0	0
1132	1	1
1133	10	10
1134	5	5
1135	1	1
1136	16	16
1137	1	1
1138	14	14
1139	3	3
1140	0	0
1141	26	26
1142	3	3
1143	2	2
1144	2	2
1145	9	9
1146	12	12
1147	0	0
1148	3	3
1149	0	0
1150	4	4
1151	0	0
1152	0	0
1153	1	1
1154	0	0
1155	0	0
1156	0	0
1157	0	0
1158	3	3
1159	29	28
1160	5	5
1161	2	2
1162	52	52
1163	4	4
1164	7	7
1165	1	1
1166	0	0
1167	1	1
1168	7	7
1169	1	1
1170	1	1
1171	1	1
1172	8	8
1173	3	3
1174	9	9
1175	0	0
1176	4	4
1177	2	2
1178	2	2
1179	0	0
1180	2	2
1181	0	0
1182	1	1
1183	0	0
1184	2	2
1185	6	6
1186	0	0
1187	58	58
1188	1	1
1189	0	0
1190	0	0
1191	11	11
1192	0	0
1193	1	1
1194	3	3
1195	9	9
1196	0	0
1197	3	3
1198	5	5
1199	0	0
1200	0	0
1201	0	0
1202	0	0
1203	2	2
1204	2	2
1205	2	2
1206	3	3
1207	0	0
1208	1	1
1209	0	0
1210	3	3
1211	0	0
1212	5	5
1213	1	1
1214	0	0
1215	0	0
1216	0	0
1217	0	0
1218	11	11
1219	17	17
1220	0	0
1221	3	3
1222	16	16
1223	0	0
1224	0	0
1225	0	0
1226	31	31
1227	0	0
1228	1	1
1229	0	0
1230	26	25
1231	0	0
1232	0	0
1233	1	1
1234	0	0
1235	5	5
1236	0	0
1237	3	3
1238	1	1
1239	0	0
1240	0	0
1241	8	8
1242	3	3
1243	4	4
1244	39	39
1245	0	0
1246	0	0
1247	10	10
1248	0	0
1249	1	1
1250	0	0
1251	0	0
1252	1	1
1253	2	2
1254	0	0
1255	14	13
1256	0	0
1257	3	3
1258	11	11
1259	1	1
1260	1	1
1261	1	1
1262	5	5
1263	2	2
1264	0	0
1265	0	0
1266	0	0
1267	4	4
1268	8	8
1269	8	8
1270	8	8
1271	4	4
1272	0	0
1273	1	1
1274	2	2
1275	0	0
1276	1	1
1277	3	3
1278	2	2
1279	31	31
1280	3	3
1281	1	1
1282	2	2
1283	0	0
1284	1	1
1285	0	0
1286	5	5
1287	0	0
1288	0	0
1289	1	1
1290	0	0
1291	0	0
1292	57	57
1293	9	9
1294	0	0
1295	2	2
1296	0	0
1297	0	0
1298	0	0
1299	0	0
1300	1	1
1301	1	1
1302	0	0
1303	0	0
1304	0	0
1305	0	0
1306	4	4
1307	1	1
1308	0	0
1309	0	0
1310	0	0
1311	0	0
1312	1	1
1313	51	51
1314	1	1
1315	0	0
1316	0	0
1317	0	0
1318	42	42
1319	0	0
1320	0	0
1321	3	3
1322	0	0
1323	0	0
1324	0	0
1325	4	4
1326	0	0
1327	3	3
1328	0	0
1329	3	3
1330	1	1
1331	2	2
1332	0	0
1333	0	0
1334	1	1
1335	0	0
1336	0	0
1337	3	3
1338	5	5
1339	3	2
1340	1	1
1341	1	1
1342	0	0
1343	8	8
1344	0	0
1345	0	0
1346	3	3
1347	0	0
1348	0	0
1349	1	1
1350	3	3
1351	5	5
1352	1	1
1353	1	1
1354	0	0
1355	1	1
1356	6	6
1357	0	0
1358	1	1
1359	0	0
1360	0	0
1361	20	20
1362	8	8
1363	0	0
1364	3	3
1365	0	0
1366	0	0
1367	0	0
1368	37	37
1369	11	11
1370	2	2
1371	1	1
1372	0	0
1373	0	0
1374	0	0
1375	0	0
1376	0	0
1377	0	0
1378	1	1
1379	1	1
1380	0	0
1381	0	0
1382	5	5
1383	0	0
1384	2	2
1385	0	0
1386	1	1
1387	0	0
1388	1	1
1389	3	3
1390	2	2
1391	0	0
1392	0	0
1393	0	0
1394	1	1
1395	1	1
1396	3	3
1397	2	2
1398	0	0
1399	0	0
1400	1	1
1401	1	1
1402	0	0
1403	3	3
1404	4	4
1405	36	36
1406	0	0
1407	0	0
1408	0	0
1409	16	15
1410	0	0
1411	1	1
1412	0	0
1413	0	0
1414	0	0
1415	3	3
1416	1	1
1417	0	0
1418	8	8
1419	0	0
1420	1	1
1421	0	0
1422	1	1
1423	0	0
1424	2	2
1425	0	0
1426	2	2
1427	1	1
1428	10	10
1429	1	1
1430	3	3
1431	2	2
1432	3	3
1433	0	0
1434	0	0
1435	3	3
1436	0	0
1437	1	1
1438	0	0
1439	0	0
1440	1	1
1441	7	7
1442	0	0
1443	5	5
1444	2	2
1445	15	15
1446	0	0
1447	1	1
1448	0	0
1449	0	0
1450	0	0
1451	5	5
1452	0	0
1453	1	1
1454	0	0
1455	0	0
1456	0	0
1457	1	1
1458	1	1
1459	6	6
1460	13	13
1461	1	1
1462	0	0
1463	0	0
1464	0	0
1465	2	2
1466	0	0
1467	0	0
1468	0	0
1469	0	0
1470	9	9
1471	1	1
1472	9	9
1473	0	0
1474	0	0
1475	0	0
1476	1	1
1477	0	0
1478	0	0
1479	0	0
1480	4	4
1481	0	0
1482	4	4
1483	0	0
1484	0	0
1485	1	1
1486	9	9
1487	1	1
1488	4	4
1489	18	18
1490	4	4
1491	0	0
1492	2	2
1493	2	2
1494	1	1
1495	5	5
1496	0	0
1497	0	0
1498	0	0
1499	0	0
1500	5	5
1501	0	0
1502	0	0
1503	14	14
1504	5	5
1505	9	9
1506	0	0
1507	0	0
1508	2	2
1509	0	0
1510	0	0
1511	0	0
1512	0	0
1513	0	0
1514	1	1
1515	9	9
1516	1	1
1517	0	0
1518	6	6
1519	0	0
1520	0	0
1521	0	0
1522	0	0
1523	2	2
1524	1	1
1525	0	0
1526	1	1
1527	0	0
1528	1	1
1529	2	2
1530	6	6
1531	11	11
1532	1	1
1533	22	22
1534	0	0
1535	1	1
1536	1	1
1537	0	0
1538	3	3
1539	0	0
1540	0	0
1541	0	0
1542	2	2
1543	0	0
1544	0	0
1545	0	0
1546	0	0
1547	6	6
1548	7	7
1549	0	0
1550	0	0
1551	3	3
1552	2	2
1553	0	0
1554	0	0
1555	1	1
1556	0	0
1557	0	0
1558	1	1
1559	1	1
1560	2	2
1561	0	0
1562	0	0
1563	0	0
1564	0	0
1565	0	0
1566	0	0
1567	0	0
1568	0	0
1569	5	5
1570	0	0
1571	0	0
1572	0	0
1573	0	0
1574	12	12
1575	0	0
1576	2	2
1577	0	0
1578	1	1
1579	18	18
1580	0	0
1581	3	3
1582	1	1
1583	1	1
1584	5	5
1585	0	0
1586	8	8
1587	20	20
1588	0	0
1589	0	0
1590	0	0
1591	3	3
1592	5	5
1593	0	0
1594	1	1
1595	4	4
1596	7	7
1597	0	0
1598	3	3
1599	5	5
1600	5	5
1601	0	0
1602	1	1
1603	1	1
1604	1	1
1605	0	0
1606	1	1
1607	0	0
1608	0	0
1609	4	4
1610	2	2
1611	0	0
1612	1	1
1613	0	0
1614	1	1
1615	0	0
1616	0	0
1617	1	1
1618	0	0
1619	0	0
1620	0	0
1621	4	4
1622	3	3
1623	0	0
1624	0	0
1625	3	3
1626	0	0
1627	6	6
1628	0	0
1629	30	30
1630	17	17
1631	0	0
1632	2	2
1633	1	1
1634	3	3
1635	2	2
1636	8	8
1637	0	0
1638	0	0
1639	4	4
1640	2	2
1641	3	3
1642	0	0
1643	0	0
1644	0	0
1645	1	1
1646	0	0
1647	0	0
1648	1	1
1649	4	4
1650	2	2
1651	0	0
1652	1	1
1653	0	0
1654	2	2
1655	5	5
1656	1	1
1657	11	11
1658	0	0
1659	14	14
1660	3	3
1661	2	2
1662	1	1
1663	5	5
1664	2	2
1665	0	0
1666	0	0
1667	1	1
1668	16	16
1669	3	3
1670	0	0
1671	0	0
1672	0	0
1673	0	0
1674	10	10
1675	0	0
1676	8	8
1677	0	0
1678	6	6
1679	2	2
1680	1	1
1681	0	0
1682	1	1
1683	1	1
1684	0	0
1685	0	0
1686	0	0
1687	1	1
1688	0	0
1689	0	0
1690	6	6
1691	1	1
1692	0	0
1693	25	25
1694	1	1
1695	1	1
1696	1	1
1697	0	0
1698	0	0
1699	3	3
1700	2	1
1701	21	21
1702	0	0
1703	1	1
1704	8	8
1705	6	6
1706	0	0
1707	0	0
1708	1	1
1709	3	3
1710	0	0
1711	0	0
1712	0	0
1713	14	14
1714	1	1
1715	3	3
1716	0	0
1717	0	0
1718	0	0
1719	1	1
1720	0	0
1721	0	0
1722	0	0
1723	0	0
1724	0	0
1725	3	3
1726	0	0
1727	0	0
1728	0	0
1729	0	0
1730	0	0
1731	0	0
1732	2	2
1733	0	0
1734	1	1
1735	1	1
1736	3	3
1737	0	0
1738	0	0
1739	4	4
1740	4	4
1741	0	0
1742	0	0
1743	4	4
1744	26	26
1745	0	0
1746	25	25
1747	6	6
1748	1	1
1749	0	0
1750	0	0
1751	3	3
1752	0	0
1753	0	0
1754	0	0
1755	17	17
1756	0	0
1757	0	0
1758	0	0
1759	1	1
1760	1	1
1761	0	0
1762	1	1
1763	0	0
1764	0	0
1765	1	1
1766	0	0
1767	13	13
1768	16	16
1769	0	0
1770	1	1
1771	0	0
1772	0	0
1773	0	0
1774	0	0
1775	0	0
1776	51	50
1777	0	0
1778	0	0
1779	9	9
1780	0	0
1781	0	0
1782	0	0
1783	0	0
1784	0	0
1785	3	3
1786	1	1
1787	0	0
1788	1	1
1789	2	2
1790	0	0
1791	0	0
1792	0	0
1793	1	1
1794	0	0
1795	0	0
1796	37	36
1797	1	1
1798	0	0
1799	1	1
1800	0	0
1801	1	1
1802	3	3
1803	0	0
1804	0	0
1805	0	0
1806	8	8
1807	0	0
1808	0	0
1809	0	0
1810	1	1
1811	0	0
1812	5	5
1813	0	0
1814	1	1
1815	0	0
1816	0	0
1817	26	26
1818	23	23
1819	1	1
1820	2	1
1821	5	5
1822	0	0
1823	1	1
1824	16	16
1825	1	1
1826	0	0
1827	1	1
1828	26	25
1829	1	1
1830	0	0
1831	1	1
1832	2	2
1833	1	1
1834	0	0
1835	2	2
1836	1	1
1837	6	6
1838	0	0
1839	3	3
1840	0	0
1841	3	3
1842	0	0
1843	4	4
1844	0	0
1845	6	6
1846	0	0
1847	1	1
1848	0	0
1849	0	0
1850	0	0
1851	0	0
1852	1	1
1853	0	0
1854	0	0
1855	0	0
1856	5	5
1857	11	11
1858	0	0
1859	0	0
1860	37	36
1861	0	0
1862	1	1
1863	0	0
1864	0	0
1865	6	6
1866	0	0
1867	2	2
1868	0	0
1869	0	0
1870	2	1
1871	0	0
1872	0	0
1873	2	2
1874	3	3
1875	3	3
1876	3	3
1877	18	18
1878	1	1
1879	0	0
1880	0	0
1881	1	1
1882	0	0
1883	1	1
1884	1	1
1885	1	1
1886	0	0
1887	8	8
1888	2	2
1889	0	0
1890	0	0
1891	0	0
1892	0	0
1893	0	0
1894	8	8
1895	0	0
1896	0	0
1897	0	0
1898	7	7
1899	6	6
1900	0	0
1901	2	2
1902	20	20
1903	1	1
1904	3	3
1905	15	15
1906	3	3
1907	0	0
1908	16	16
1909	0	0
1910	0	0
1911	0	0
1912	1	1
1913	2	1
1914	0	0
1915	0	0
1916	3	3
1917	0	0
1918	23	23
1919	1	1
1920	10	10
1921	0	0
1922	1	1
1923	17	17
1924	13	13
1925	0	0
1926	0	0
1927	16	16
1928	0	0
1929	0	0
1930	1	1
1931	1	1
1932	0	0
1933	12	12
1934	0	0
1935	1	1
1936	0	0
1937	0	0
1938	4	4
1939	0	0
1940	2	2
1941	0	0
1942	5	5
1943	0	0
1944	0	0
1945	4	4
1946	29	29
1947	1	1
1948	1	1
1949	4	3
1950	1	1
1951	6	6
1952	1	1
1953	7	7
1954	0	0
1955	0	0
1956	7	7
1957	0	0
1958	41	40
1959	5	5
1960	15	15
1961	0	0
1962	0	0
1963	3	3
1964	2	2
1965	3	3
1966	0	0
1967	12	12
1968	0	0
1969	6	6
1970	0	0
1971	0	0
1972	0	0
1973	1	1
1974	0	0
1975	4	4
1976	1	1
1977	0	0
1978	0	0
1979	0	0
1980	0	0
1981	0	0
1982	0	0
1983	4	4
1984	22	22
1985	3	3
1986	0	0
1987	0	0
1988	7	7
1989	0	0
1990	7	7
1991	8	8
1992	0	0
1993	0	0
1994	0	0
1995	0	0
1996	0	0
1997	0	0
1998	0	0
1999	9	9
2000	0	0
2001	0	0
2002	4	4
2003	0	0
2004	7	7
2005	0	0
2006	13	13
2007	0	0
2008	1	1
2009	29	28
2010	8	8
2011	2	2
2012	0	0
2013	0	0
2014	0	0
2015	0	0
2016	0	0
2017	1	1
2018	3	3
2019	10	10
2020	0	0
2021	0	0
2022	0	0
2023	5	5
2024	0	0
2025	0	0
2026	2	2
2027	1	1
2028	5	5
2029	0	0
2030	0	0
2031	1	1
2032	9	9
2033	0	0
2034	0	0
2035	1	1
2036	0	0
2037	0	0
2038	1	1
2039	0	0
2040	5	5
2041	1	1
2042	5	5
2043	0	0
2044	3	3
2045	12	12
2046	7	7
2047	3	3
2048	5	5
2049	0	0
2050	2	2
2051	1	1
2052	0	0
2053	4	4
2054	33	32
2055	0	0
2056	0	0
2057	1	1
2058	3	3
2059	0	0
2060	6	6
2061	1	1
2062	1	1
2063	1	1
2064	2	2
2065	0	0
2066	3	3
2067	0	0
2068	2	2
2069	31	31
2070	4	4
2071	0	0
2072	3	3
2073	21	20
2074	0	0
2075	0	0
2076	5	5
2077	19	19
2078	2	2
2079	0	0
2080	0	0
2081	0	0
2082	0	0
2083	0	0
2084	10	10
2085	0	0
2086	0	0
2087	0	0
2088	1	1
2089	2	2
2090	0	0
2091	0	0
2092	3	3
2093	3	2
2094	6	6
2095	10	10
2096	0	0
2097	6	6
2098	6	6
2099	0	0
2100	25	25
2101	0	0
2102	0	0
2103	1	1
2104	0	0
2105	2	2
2106	8	8
2107	1	1
2108	13	13
2109	3	3
2110	1	1
2111	3	3
2112	1	1
2113	0	0
2114	5	5
2115	2	2
2116	3	3
2117	3	3
2118	13	13
2119	3	3
2120	1	1
2121	0	0
2122	4	4
2123	0	0
2124	0	0
2125	1	1
2126	0	0
2127	0	0
2128	0	0
2129	23	23
2130	0	0
2131	1	1
2132	0	0
2133	3	3
2134	5	5
2135	2	2
2136	4	4
2137	1	1
2138	3	3
2139	2	2
2140	1	1
2141	0	0
2142	0	0
2143	2	2
2144	4	4
2145	1	1
2146	6	6
2147	0	0
2148	0	0
2149	1	1
2150	0	0
2151	2	2
2152	0	0
2153	0	0
2154	0	0
2155	6	6
2156	3	3
2157	3	3
2158	17	17
2159	0	0
2160	3	3
2161	0	0
2162	6	6
2163	0	0
2164	2	2
2165	26	26
2166	0	0
2167	0	0
2168	0	0
2169	0	0
2170	0	0
2171	0	0
2172	0	0
2173	21	21
2174	0	0
2175	2	2
2176	0	0
2177	9	9
2178	0	0
2179	0	0
2180	0	0
2181	0	0
2182	5	5
2183	1	1
2184	0	0
2185	0	0
2186	0	0
2187	11	11
2188	0	0
2189	3	3
2190	5	5
2191	0	0
2192	1	1
2193	0	0
2194	2	2
2195	1	1
2196	3	3
2197	0	0
2198	1	1
2199	7	7
2200	0	0
2201	0	0
2202	0	0
2203	0	0
2204	1	1
2205	1	1
2206	1	1
2207	0	0
2208	1	1
2209	4	3
2210	8	8
2211	0	0
2212	1	1
2213	0	0
2214	2	2
2215	0	0
2216	1	1
2217	0	0
2218	0	0
2219	13	13
2220	7	7
2221	0	0
2222	1	1
2223	0	0
2224	0	0
2225	0	0
2226	0	0
2227	1	1
2228	5	5
2229	16	16
2230	0	0
2231	1	1
2232	1	1
2233	17	17
2234	1	1
2235	2	2
2236	4	4
2237	3	3
2238	2	2
2239	0	0
2240	21	21
2241	7	7
2242	1	1
2243	1	1
2244	7	7
2245	1	1
2246	0	0
2247	1	1
2248	3	3
2249	3	3
2250	0	0
2251	1	1
2252	4	3
2253	0	0
2254	0	0
2255	0	0
2256	0	0
2257	1	1
2258	0	0
2259	2	2
2260	0	0
2261	0	0
2262	0	0
2263	0	0
2264	0	0
2265	0	0
2266	2	2
2267	0	0
2268	6	6
2269	1	1
2270	0	0
2271	0	0
2272	0	0
2273	26	26
2274	26	26
2275	6	6
2276	0	0
2277	16	16
2278	1	1
2279	8	8
2280	1	1
2281	1	1
2282	1	1
2283	0	0
2284	0	0
2285	1	1
2286	0	0
2287	10	10
2288	2	2
2289	1	1
2290	0	0
2291	3	3
2292	0	0
2293	9	9
2294	0	0
2295	0	0
2296	10	10
2297	3	3
2298	1	1
2299	0	0
2300	1	1
2301	0	0
2302	1	1
2303	3	3
2304	1	1
2305	0	0
2306	1	1
2307	3	3
2308	0	0
2309	0	0
2310	0	0
2311	0	0
2312	0	0
2313	2	2
2314	2	2
2315	0	0
2316	0	0
2317	0	0
2318	13	12
2319	0	0
2320	4	4
2321	1	1
2322	2	2
2323	1	1
2324	0	0
2325	2	2
2326	0	0
2327	12	12
2328	2	2
2329	2	2
2330	1	1
2331	2	2
2332	0	0
2333	1	1
2334	0	0
2335	9	9
2336	10	10
2337	0	0
2338	4	4
2339	3	3
2340	6	6
2341	0	0
2342	3	3
2343	1	1
2344	0	0
2345	1	1
2346	11	11
2347	2	2
2348	0	0
2349	3	3
2350	1	1
2351	0	0
2352	1	1
2353	5	5
2354	0	0
2355	0	0
2356	0	0
2357	1	1
2358	0	0
2359	4	4
2360	0	0
2361	3	3
2362	1	1
2363	0	0
2364	0	0
2365	12	12
2366	1	1
2367	1	1
2368	6	6
2369	13	13
2370	1	1
2371	1	1
2372	1	1
2373	0	0
2374	4	4
2375	0	0
2376	5	5
2377	0	0
2378	3	3
2379	0	0
2380	0	0
2381	0	0
2382	0	0
2383	2	2
2384	2	2
2385	23	23
2386	1	1
2387	26	26
2388	1	1
2389	1	1
2390	0	0
2391	8	8
2392	0	0
2393	2	2
2394	6	6
2395	0	0
2396	2	2
2397	0	0
2398	0	0
2399	9	8
2400	3	3
2401	2	2
2402	0	0
2403	1	1
2404	2	2
2405	0	0
2406	15	15
2407	2	2
2408	6	6
2409	0	0
2410	2	2
2411	0	0
2412	1	1
2413	0	0
2414	1	1
2415	0	0
2416	0	0
2417	26	26
2418	1	1
2419	0	0
2420	3	3
2421	0	0
2422	3	3
2423	0	0
2424	2	2
2425	0	0
2426	0	0
2427	26	26
2428	0	0
2429	3	3
2430	1	1
2431	2	2
2432	7	7
2433	0	0
2434	1	1
2435	0	0
2436	5	5
2437	1	1
2438	0	0
2439	0	0
2440	0	0
2441	7	7
2442	0	0
2443	0	0
2444	0	0
2445	17	17
2446	0	0
2447	1	1
2448	10	10
2449	14	14
2450	0	0
2451	1	1
2452	3	3
2453	1	1
2454	0	0
2455	0	0
2456	1	1
2457	1	1
2458	17	17
2459	0	0
2460	5	5
2461	1	1
2462	0	0
2463	2	2
2464	0	0
2465	13	12
2466	2	2
2467	0	0
2468	0	0
2469	6	6
2470	0	0
2471	2	2
2472	0	0
2473	1	1
2474	0	0
2475	1	1
2476	0	0
2477	0	0
2478	1	1
2479	0	0
2480	4	4
2481	0	0
2482	0	0
2483	18	18
2484	1	1
2485	0	0
2486	0	0
2487	5	5
2488	0	0
2489	6	6
2490	5	5
2491	0	0
2492	2	2
2493	0	0
2494	0	0
2495	0	0
2496	0	0
2497	2	2
2498	1	1
2499	2	1
2500	4	4
2501	0	0
2502	12	12
2503	0	0
2504	0	0
2505	2	2
2506	9	9
2507	0	0
2508	2	2
2509	0	0
2510	0	0
2511	2	2
2512	2	2
2513	1	1
2514	12	12
2515	0	0
2516	3	3
2517	1	1
2518	2	2
2519	0	0
2520	8	8
2521	1	1
2522	3	3
2523	1	1
2524	2	2
2525	24	24
2526	0	0
2527	1	1
2528	4	4
2529	0	0
2530	3	3
2531	0	0
2532	0	0
2533	0	0
2534	2	2
2535	3	3
2536	0	0
2537	9	9
2538	1	1
2539	0	0
2540	4	4
2541	1	1
2542	2	2
2543	0	0
2544	0	0
2545	2	2
2546	0	0
2547	1	1
2548	0	0
2549	0	0
2550	2	2
2551	15	14
2552	0	0
2553	0	0
2554	0	0
2555	2	2
2556	10	9
2557	1	1
2558	0	0
2559	2	2
2560	1	1
2561	0	0
2562	0	0
2563	0	0
2564	5	5
2565	5	5
2566	30	30
2567	0	0
2568	2	2
2569	0	0
2570	0	0
2571	1	1
2572	0	0
2573	2	2
2574	0	0
2575	2	2
2576	1	1
2577	34	34
2578	0	0
2579	39	38
2580	0	0
2581	0	0
2582	6	6
2583	31	30
2584	0	0
2585	36	36
2586	0	0
2587	1	1
2588	0	0
2589	1	1
2590	1	1
2591	8	8
2592	0	0
2593	2	2
2594	0	0
2595	2	2
2596	1	1
2597	0	0
2598	0	0
2599	13	13
2600	1	1
2601	0	0
2602	1	1
2603	1	1
2604	8	8
2605	1	1
2606	1	1
2607	0	0
2608	3	3
2609	13	13
2610	1	1
2611	5	5
2612	0	0
2613	0	0
2614	57	57
2615	0	0
2616	2	2
2617	6	6
2618	0	0
2619	2	2
2620	0	0
2621	1	1
2622	0	0
2623	0	0
2624	0	0
2625	1	1
2626	0	0
2627	8	8
2628	0	0
2629	12	12
2630	4	4
2631	6	6
2632	4	4
2633	0	0
2634	0	0
2635	0	0
2636	1	1
2637	1	1
2638	0	0
2639	0	0
2640	0	0
2641	0	0
2642	1	1
2643	1	1
2644	2	1
2645	2	2
2646	1	1
2647	0	0
2648	0	0
2649	0	0
2650	1	1
2651	1	1
2652	1	1
2653	21	21
2654	0	0
2655	0	0
2656	18	18
2657	0	0
2658	6	6
2659	0	0
2660	12	12
2661	0	0
2662	3	3
2663	2	2
2664	0	0
2665	4	4
2666	40	40
2667	4	4
2668	0	0
2669	0	0
2670	1	1
2671	4	4
2672	0	0
2673	6	6
2674	10	10
2675	0	0
2676	0	0
2677	0	0
2678	0	0
2679	0	0
2680	1	1
2681	4	4
2682	2	2
2683	3	3
2684	1	1
2685	1	1
2686	1	1
2687	14	13
2688	4	4
2689	1	1
2690	42	42
2691	0	0
2692	5	5
2693	3	3
2694	3	3
2695	5	5
2696	1	1
2697	1	1
2698	9	9
2699	0	0
2700	0	0
2701	13	12
2702	0	0
2703	0	0
2704	3	3
2705	1	1
2706	1	1
2707	0	0
2708	0	0
2709	0	0
2710	8	8
2711	15	14
2712	0	0
2713	0	0
2714	4	4
2715	1	1
2716	4	4
2717	1	1
2718	0	0
2719	12	12
2720	5	5
2721	1	1
2722	1	1
2723	0	0
2724	0	0
2725	5	5
2726	0	0
2727	0	0
2728	0	0
2729	14	14
2730	0	0
2731	1	1
2732	0	0
2733	11	11
2734	0	0
2735	0	0
2736	1	1
2737	0	0
2738	1	1
2739	20	20
2740	0	0
2741	7	7
2742	0	0
2743	0	0
2744	0	0
2745	2	1
2746	0	0
2747	29	26
2748	1	1
2749	2	2
2750	12	12
2751	0	0
2752	5	5
2753	0	0
2754	0	0
2755	1	1
2756	3	3
2757	2	2
2758	3	3
2759	0	0
2760	0	0
2761	0	0
2762	0	0
2763	12	12
2764	0	0
2765	1	1
2766	0	0
2767	0	0
2768	1	1
2769	0	0
2770	4	4
2771	1	1
2772	0	0
2773	12	12
2774	1	1
2775	2	2
2776	1	1
2777	5	5
2778	0	0
2779	0	0
2780	6	6
2781	2	2
2782	0	0
2783	2	2
2784	0	0
2785	22	22
2786	0	0
2787	5	5
2788	0	0
2789	0	0
2790	1	1
2791	5	5
2792	0	0
2793	0	0
2794	1	1
2795	1	1
2796	1	1
2797	35	35
2798	8	8
2799	0	0
2800	4	4
2801	0	0
2802	14	14
2803	0	0
2804	1	1
2805	1	1
2806	4	4
2807	2	2
2808	0	0
2809	17	17
2810	0	0
2811	2	2
2812	1	1
2813	0	0
2814	2	2
2815	6	6
2816	1	1
2817	6	6
2818	0	0
2819	5	4
2820	3	3
2821	5	5
2822	0	0
2823	4	2
2824	1	1
2825	2	2
2826	0	0
2827	3	3
2828	0	0
2829	2	2
2830	2	1
2831	0	0
2832	0	0
2833	0	0
2834	4	4
2835	5	5
2836	1	1
2837	5	5
2838	4	4
2839	10	10
2840	1	1
2841	0	0
2842	0	0
2843	2	2
2844	1	1
2845	9	9
2846	0	0
2847	6	6
2848	12	12
2849	0	0
2850	3	3
2851	1	1
2852	0	0
2853	0	0
2854	0	0
2855	8	8
2856	0	0
2857	0	0
2858	1	1
2859	1	1
2860	1	1
2861	0	0
2862	16	16
2863	0	0
2864	1	1
2865	9	9
2866	0	0
2867	0	0
2868	0	0
2869	0	0
2870	5	5
2871	3	3
2872	0	0
2873	0	0
2874	0	0
2875	5	5
2876	6	6
2877	0	0
2878	0	0
2879	1	1
2880	5	3
2881	0	0
2882	0	0
2883	0	0
2884	1	1
2885	0	0
2886	3	3
2887	0	0
2888	2	2
2889	0	0
2890	3	3
2891	0	0
2892	1	1
2893	0	0
2894	0	0
2895	0	0
2896	0	0
2897	0	0
2898	1	1
2899	0	0
2900	0	0
2901	2	2
2902	1	1
2903	0	0
2904	6	6
2905	2	2
2906	1	1
2907	0	0
2908	5	5
2909	0	0
2910	5	5
2911	20	19
2912	35	35
2913	0	0
2914	0	0
2915	0	0
2916	0	0
2917	16	16
2918	3	3
2919	0	0
2920	21	21
2921	0	0
2922	4	4
2923	1	1
2924	0	0
2925	5	5
2926	1	1
2927	1	1
2928	1	1
2929	1	1
2930	1	1
2931	1	1
2932	0	0
2933	0	0
2934	0	0
2935	0	0
2936	9	9
2937	0	0
2938	0	0
2939	19	17
2940	1	1
2941	0	0
2942	1	1
2943	0	0
2944	0	0
2945	0	0
2946	10	10
2947	0	0
2948	1	1
2949	2	2
2950	5	5
2951	1	1
2952	0	0
2953	1	1
2954	1	1
2955	0	0
2956	0	0
2957	7	7
2958	1	1
2959	0	0
2960	4	4
2961	1	1
2962	0	0
2963	0	0
2964	0	0
2965	2	2
2966	0	0
2967	0	0
2968	0	0
2969	0	0
2970	12	12
2971	4	4
2972	0	0
2973	1	1
2974	0	0
2975	20	20
2976	0	0
2977	0	0
2978	1	1
2979	2	2
2980	2	2
2981	1	1
2982	0	0
2983	1	1
2984	2	2
2985	7	7
2986	0	0
2987	2	2
2988	2	2
2989	13	13
2990	3	3
2991	15	15
2992	4	4
2993	0	0
2994	0	0
2995	0	0
2996	2	2
2997	1	1
2998	0	0
2999	1	1
3000	1	1
3001	0	0
3002	1	1
3003	0	0
3004	0	0
3005	5	5
3006	23	22
3007	4	4
3008	3	3
3009	0	0
3010	1	1
3011	0	0
3012	0	0
3013	0	0
3014	5	5
3015	0	0
3016	10	10
3017	3	3
3018	0	0
3019	0	0
3020	13	13
3021	0	0
3022	0	0
3023	8	8
3024	0	0
3025	0	0
3026	6	6
3027	12	12
3028	6	6
3029	0	0
3030	2	2
3031	0	0
3032	0	0
3033	0	0
3034	12	12
3035	0	0
3036	1	1
3037	0	0
3038	1	1
3039	0	0
3040	0	0
3041	1	1
3042	0	0
3043	0	0
3044	0	0
3045	3	3
3046	1	1
3047	0	0
3048	0	0
3049	0	0
3050	1	1
3051	4	4
3052	0	0
3053	0	0
3054	1	1
3055	0	0
3056	0	0
3057	0	0
3058	0	0
3059	0	0
3060	1	1
3061	0	0
3062	16	16
3063	0	0
3064	1	1
3065	4	4
3066	27	27
3067	0	0
3068	0	0
3069	0	0
3070	0	0
3071	26	26
3072	1	1
3073	0	0
3074	0	0
3075	0	0
3076	0	0
3077	0	0
3078	1	1
3079	0	0
3080	0	0
3081	11	11
3082	9	9
3083	1	1
3084	1	1
3085	0	0
3086	1	1
3087	1	1
3088	0	0
3089	0	0
3090	1	1
3091	5	5
3092	1	1
3093	5	5
3094	0	0
3095	1	1
3096	2	2
3097	0	0
3098	1	1
3099	0	0
3100	2	2
3101	0	0
3102	1	1
3103	1	1
3104	5	5
3105	12	12
3106	0	0
3107	16	16
3108	0	0
3109	1	1
3110	0	0
3111	0	0
3112	2	2
3113	0	0
3114	9	9
3115	2	2
3116	0	0
3117	0	0
3118	1	1
3119	1	1
3120	0	0
3121	0	0
3122	10	10
3123	28	28
3124	0	0
3125	4	2
3126	0	0
3127	3	3
3128	0	0
3129	0	0
3130	23	23
3131	8	8
3132	3	3
3133	1	1
3134	2	2
3135	2	2
3136	0	0
3137	29	29
3138	1	1
3139	0	0
3140	2	2
3141	2	2
3142	1	1
3143	0	0
3144	3	3
3145	0	0
3146	7	7
3147	1	1
3148	0	0
3149	6	6
3150	0	0
3151	0	0
3152	0	0
3153	2	2
3154	0	0
3155	1	1
3156	3	3
3157	0	0
3158	49	49
3159	2	2
3160	0	0
3161	0	0
3162	0	0
3163	1	1
3164	2	2
3165	27	27
3166	3	3
3167	1	1
3168	0	0
3169	1	1
3170	2	2
3171	5	5
3172	1	1
3173	5	5
3174	6	6
3175	15	15
3176	12	12
3177	3	3
3178	0	0
3179	1	1
3180	0	0
3181	0	0
3182	4	4
3183	1	1
3184	0	0
3185	40	40
3186	12	12
3187	0	0
3188	0	0
3189	0	0
3190	0	0
3191	9	9
3192	1	1
3193	0	0
3194	0	0
3195	1	1
3196	0	0
3197	2	2
3198	0	0
3199	4	4
3200	1	1
3201	0	0
3202	1	1
3203	1	1
3204	0	0
3205	0	0
3206	0	0
3207	2	2
3208	0	0
3209	0	0
3210	8	8
3211	1	1
3212	10	10
3213	0	0
3214	0	0
3215	1	1
3216	0	0
3217	5	4
3218	0	0
3219	2	2
3220	9	9
3221	2	2
3222	0	0
3223	11	11
3224	8	8
3225	1	1
3226	0	0
3227	1	1
3228	37	37
3229	4	4
3230	9	9
3231	0	0
3232	8	8
3233	0	0
3234	5	5
3235	0	0
3236	1	1
3237	0	0
3238	3	2
3239	0	0
3240	1	1
3241	3	3
3242	0	0
3243	0	0
3244	3	3
3245	1	1
3246	0	0
3247	0	0
3248	0	0
3249	0	0
3250	7	7
3251	11	11
3252	3	3
3253	0	0
3254	3	3
3255	0	0
3256	0	0
3257	3	3
3258	1	1
3259	3	3
3260	1	1
3261	0	0
3262	1	1
3263	5	5
3264	0	0
3265	0	0
3266	6	6
3267	2	2
3268	0	0
3269	2	2
3270	0	0
3271	0	0
3272	10	10
3273	3	3
3274	32	32
3275	8	8
3276	0	0
3277	0	0
3278	0	0
3279	2	2
3280	3	3
3281	0	0
3282	48	48
3283	0	0
3284	1	1
3285	0	0
3286	2	2
3287	4	4
3288	0	0
3289	1	1
3290	0	0
3291	1	1
3292	0	0
3293	5	5
3294	0	0
3295	1	1
3296	1	1
3297	0	0
3298	0	0
3299	1	1
3300	3	3
3301	2	2
3302	11	11
3303	6	6
3304	0	0
3305	0	0
3306	5	5
3307	8	8
3308	0	0
3309	0	0
3310	2	2
3311	2	1
3312	2	2
3313	7	7
3314	0	0
3315	1	1
3316	1	1
3317	0	0
3318	0	0
3319	3	3
3320	0	0
3321	12	12
3322	2	2
3323	0	0
3324	22	22
3325	5	4
3326	0	0
3327	0	0
3328	9	9
3329	4	4
3330	0	0
3331	1	1
3332	0	0
3333	3	3
3334	0	0
3335	7	7
3336	1	1
3337	0	0
3338	17	17
3339	0	0
3340	4	4
3341	0	0
3342	2	2
3343	0	0
3344	2	2
3345	19	19
3346	22	21
3347	1	1
3348	1	1
3349	6	6
3350	0	0
3351	0	0
3352	11	11
3353	0	0
3354	1	1
3355	1	1
3356	4	4
3357	0	0
3358	0	0
3359	6	6
3360	0	0
3361	0	0
3362	0	0
3363	0	0
3364	0	0
3365	5	5
3366	1	1
3367	1	1
3368	0	0
3369	0	0
3370	0	0
3371	8	8
3372	5	5
3373	23	23
3374	2	2
3375	13	13
3376	1	1
3377	11	11
3378	1	1
3379	0	0
3380	0	0
3381	0	0
3382	2	1
3383	0	0
3384	1	1
3385	4	4
3386	2	2
3387	2	2
3388	17	17
3389	4	4
3390	1	1
3391	0	0
3392	5	5
3393	1	1
3394	0	0
3395	3	3
3396	1	1
3397	4	4
3398	1	1
3399	0	0
3400	1	1
3401	15	15
3402	1	1
3403	2	2
3404	0	0
3405	0	0
3406	0	0
3407	4	4
3408	0	0
3409	0	0
3410	1	1
3411	5	5
3412	2	2
3413	2	2
3414	7	7
3415	1	1
3416	6	6
3417	0	0
3418	0	0
3419	0	0
3420	2	2
3421	2	2
3422	0	0
3423	0	0
3424	2	2
3425	0	0
3426	0	0
3427	0	0
3428	0	0
3429	0	0
3430	0	0
3431	6	6
3432	1	1
3433	35	35
3434	1	1
3435	0	0
3436	0	0
3437	0	0
3438	0	0
3439	0	0
3440	1	1
3441	0	0
3442	2	2
3443	0	0
3444	1	1
3445	2	2
3446	0	0
3447	3	3
3448	3	3
3449	3	3
3450	4	4
3451	1	1
3452	19	19
3453	0	0
3454	3	3
3455	14	14
3456	2	2
3457	1	1
3458	1	1
3459	3	3
3460	1	1
3461	1	1
3462	0	0
3463	1	1
3464	0	0
3465	23	23
3466	0	0
3467	2	2
3468	0	0
3469	8	7
3470	0	0
3471	1	1
3472	0	0
3473	3	3
3474	0	0
3475	0	0
3476	0	0
3477	0	0
3478	0	0
3479	0	0
3480	0	0
3481	5	5
3482	0	0
3483	4	4
3484	2	2
3485	0	0
3486	1	1
3487	5	5
3488	1	1
3489	12	12
3490	0	0
3491	0	0
3492	1	1
3493	0	0
3494	0	0
3495	0	0
3496	0	0
3497	0	0
3498	0	0
3499	0	0
3500	0	0
3501	0	0
3502	0	0
3503	0	0
3504	0	0
3505	0	0
3506	0	0
3507	1	1
3508	30	30
3509	0	0
3510	1	1
3511	0	0
3512	0	0
3513	0	0
3514	0	0
3515	1	1
3516	0	0
3517	1	1
3518	0	0
3519	5	5
3520	8	8
3521	6	5
3522	0	0
3523	1	1
3524	1	1
3525	0	0
3526	13	13
3527	0	0
3528	0	0
3529	0	0
3530	2	1
3531	63	63
3532	1	1
3533	0	0
3534	2	2
3535	0	0
3536	0	0
3537	4	4
3538	0	0
3539	3	3
3540	0	0
3541	1	1
3542	2	2
3543	0	0
3544	1	1
3545	38	38
3546	0	0
3547	0	0
3548	0	0
3549	1	1
3550	0	0
3551	3	3
3552	1	1
3553	0	0
3554	0	0
3555	1	1
3556	0	0
3557	0	0
3558	3	3
3559	0	0
3560	1	1
3561	0	0
3562	1	1
3563	0	0
3564	2	2
3565	0	0
3566	2	2
3567	0	0
3568	8	8
3569	0	0
3570	12	12
3571	0	0
3572	3	3
3573	0	0
3574	0	0
3575	14	13
3576	0	0
3577	0	0
3578	0	0
3579	0	0
3580	0	0
3581	0	0
3582	10	10
3583	1	1
3584	0	0
3585	0	0
3586	9	9
3587	0	0
3588	0	0
3589	2	2
3590	0	0
3591	3	3
3592	0	0
3593	36	35
3594	0	0
3595	1	1
3596	8	8
3597	0	0
3598	1	1
3599	0	0
3600	0	0
3601	0	0
3602	2	2
3603	0	0
3604	0	0
3605	1	1
3606	12	12
3607	14	14
3608	1	1
3609	4	4
3610	15	15
3611	4	4
3612	3	3
3613	0	0
3614	0	0
3615	0	0
3616	0	0
3617	11	11
3618	1	1
3619	1	1
3620	1	1
3621	0	0
3622	2	2
3623	0	0
3624	0	0
3625	1	1
3626	0	0
3627	8	8
3628	0	0
3629	1	1
3630	19	19
3631	0	0
3632	0	0
3633	23	23
3634	1	1
3635	0	0
3636	3	2
3637	0	0
3638	0	0
3639	0	0
3640	1	1
3641	1	1
3642	7	7
3643	0	0
3644	0	0
3645	2	1
3646	1	1
3647	4	3
3648	1	1
3649	2	2
3650	0	0
3651	1	1
3652	2	2
3653	0	0
3654	2	2
3655	5	4
3656	0	0
3657	0	0
3658	0	0
3659	9	9
3660	3	3
3661	0	0
3662	0	0
3663	0	0
3664	0	0
3665	0	0
3666	0	0
3667	5	5
3668	5	5
3669	0	0
3670	0	0
3671	0	0
3672	0	0
3673	1	1
3674	5	5
3675	0	0
3676	0	0
3677	0	0
3678	3	3
3679	0	0
3680	0	0
3681	35	34
3682	0	0
3683	35	35
3684	1	1
3685	6	6
3686	1	1
3687	2	2
3688	3	3
3689	7	7
3690	10	10
3691	1	1
3692	1	1
3693	3	3
3694	0	0
3695	3	3
3696	0	0
3697	0	0
3698	0	0
3699	0	0
3700	1	1
3701	2	2
3702	0	0
3703	0	0
3704	18	18
3705	3	3
3706	11	11
3707	0	0
3708	10	10
3709	0	0
3710	0	0
3711	0	0
3712	0	0
3713	2	2
3714	0	0
3715	15	15
3716	6	6
3717	0	0
3718	1	1
3719	12	12
3720	0	0
3721	0	0
3722	0	0
3723	5	5
3724	0	0
3725	2	2
3726	0	0
3727	0	0
3728	0	0
3729	4	4
3730	0	0
3731	13	13
3732	19	19
3733	14	14
3734	0	0
3735	0	0
3736	0	0
3737	0	0
3738	8	8
3739	2	2
3740	1	1
3741	0	0
3742	3	3
3743	3	3
3744	0	0
3745	3	3
3746	0	0
3747	7	7
3748	9	9
3749	7	7
3750	1	1
3751	0	0
3752	6	6
3753	6	6
3754	0	0
3755	5	5
3756	1	1
3757	2	2
3758	2	2
3759	36	36
3760	2	2
3761	1	1
3762	1	1
3763	0	0
3764	1	1
3765	0	0
3766	0	0
3767	0	0
3768	2	2
3769	7	7
3770	4	4
3771	4	4
3772	0	0
3773	33	33
3774	1	1
3775	0	0
3776	0	0
3777	9	9
3778	0	0
3779	6	6
3780	0	0
3781	13	13
3782	0	0
3783	0	0
3784	2	2
3785	11	11
3786	2	2
3787	0	0
3788	2	2
3789	6	6
3790	0	0
3791	3	3
3792	3	3
3793	0	0
3794	0	0
3795	0	0
3796	3	3
3797	12	12
3798	1	1
3799	0	0
3800	0	0
3801	1	1
3802	0	0
3803	0	0
3804	0	0
3805	1	1
3806	0	0
3807	10	10
3808	10	10
3809	0	0
3810	0	0
3811	1	1
3812	0	0
3813	4	4
3814	0	0
3815	0	0
3816	7	7
3817	0	0
3818	20	20
3819	0	0
3820	0	0
3821	7	7
3822	0	0
3823	3	3
3824	0	0
3825	0	0
3826	0	0
3827	1	1
3828	4	4
3829	0	0
3830	16	16
3831	8	8
3832	0	0
3833	0	0
3834	0	0
3835	0	0
3836	11	11
3837	2	2
3838	1	1
3839	0	0
3840	11	11
3841	0	0
3842	3	3
3843	0	0
3844	2	2
3845	1	1
3846	0	0
3847	1	1
3848	0	0
3849	0	0
3850	0	0
3851	0	0
3852	0	0
3853	0	0
3854	0	0
3855	0	0
3856	3	3
3857	1	1
3858	2	2
3859	3	3
3860	0	0
3861	0	0
3862	5	5
3863	3	3
3864	4	4
3865	0	0
3866	0	0
3867	0	0
3868	7	7
3869	0	0
3870	4	4
3871	1	1
3872	0	0
3873	1	1
3874	12	12
3875	0	0
3876	2	2
3877	0	0
3878	1	1
3879	0	0
3880	0	0
3881	2	2
3882	0	0
3883	0	0
3884	1	1
3885	0	0
3886	12	12
3887	40	40
3888	0	0
3889	4	4
3890	0	0
3891	0	0
3892	3	3
3893	3	3
3894	0	0
3895	1	1
3896	0	0
3897	12	11
3898	2	2
3899	5	5
3900	0	0
3901	1	1
3902	0	0
3903	0	0
3904	0	0
3905	1	1
3906	3	3
3907	1	1
3908	3	3
3909	0	0
3910	6	6
3911	4	4
3912	3	3
3913	2	1
3914	1	1
3915	3	3
3916	0	0
3917	0	0
3918	0	0
3919	1	1
3920	14	14
3921	0	0
3922	0	0
3923	0	0
3924	0	0
3925	7	7
3926	0	0
3927	3	3
3928	0	0
3929	14	14
3930	0	0
3931	10	10
3932	2	2
3933	0	0
3934	0	0
3935	0	0
3936	1	1
3937	4	4
3938	3	3
3939	1	1
3940	3	3
3941	0	0
3942	0	0
3943	20	20
3944	2	2
3945	1	1
3946	3	3
3947	0	0
3948	1	1
3949	0	0
3950	16	16
3951	0	0
3952	1	1
3953	3	3
3954	0	0
3955	0	0
3956	0	0
3957	0	0
3958	0	0
3959	0	0
3960	0	0
3961	9	9
3962	12	12
3963	0	0
3964	23	23
3965	1	1
3966	3	3
3967	0	0
3968	0	0
3969	30	26
3970	2	2
3971	7	7
3972	4	4
3973	2	2
3974	7	7
3975	12	11
3976	16	16
3977	0	0
3978	4	4
3979	0	0
3980	0	0
3981	0	0
3982	21	21
3983	1	1
3984	0	0
3985	0	0
3986	19	18
3987	2	2
3988	0	0
3989	2	2
3990	2	2
3991	0	0
3992	1	1
3993	1	1
3994	0	0
3995	1	1
3996	0	0
3997	0	0
3998	2	2
3999	1	1
4000	1	1
4001	30	30
4002	0	0
4003	4	4
4004	1	1
4005	0	0
4006	5	5
4007	3	3
4008	2	2
4009	0	0
4010	1	1
4011	7	7
4012	0	0
4013	0	0
4014	0	0
4015	0	0
4016	4	4
4017	5	5
4018	5	5
4019	1	1
4020	0	0
4021	1	1
4022	8	8
4023	1	1
4024	3	3
4025	0	0
4026	0	0
4027	5	5
4028	3	3
4029	0	0
4030	0	0
4031	1	1
4032	0	0
4033	0	0
4034	0	0
4035	1	1
4036	0	0
4037	0	0
4038	0	0
4039	0	0
4040	4	4
4041	1	1
4042	0	0
4043	1	1
4044	0	0
4045	24	24
4046	5	5
4047	1	1
4048	1	1
4049	0	0
4050	2	2
4051	2	2
4052	0	0
4053	11	11
4054	12	12
4055	1	1
4056	0	0
4057	4	4
4058	4	4
4059	33	32
4060	2	2
4061	1	1
4062	0	0
4063	0	0
4064	3	3
4065	3	3
4066	0	0
4067	0	0
4068	0	0
4069	0	0
4070	0	0
4071	1	1
4072	2	2
4073	0	0
4074	2	2
4075	0	0
4076	14	13
4077	2	2
4078	0	0
4079	36	36
4080	0	0
4081	0	0
4082	0	0
4083	0	0
4084	4	4
4085	0	0
4086	0	0
4087	1	1
4088	5	5
4089	0	0
4090	6	6
4091	0	0
4092	0	0
4093	0	0
4094	0	0
4095	14	14
4096	1	1
4097	11	11
4098	6	6
4099	1	1
4100	15	15
4101	15	15
4102	9	9
4103	4	4
4104	0	0
4105	4	4
4106	0	0
4107	4	4
4108	43	41
4109	1	1
4110	12	12
4111	25	25
4112	0	0
4113	54	54
4114	58	58
4115	0	0
4116	3	3
4117	1	1
4118	1	1
4119	5	5
4120	0	0
4121	0	0
4122	1	1
4123	2	2
4124	8	8
4125	0	0
4126	69	69
4127	0	0
4128	0	0
4129	6	6
4130	0	0
4131	10	10
4132	2	2
4133	0	0
4134	1	1
4135	0	0
4136	0	0
4137	0	0
4138	0	0
